Config (path: configs/culane_res34_train.py): {'dataset': 'CULane', 'data_root': '/media/its/data/dinh/CULane_cropped_left_relabel', 'epoch': 50, 'batch_size': 32, 'optimizer': 'SGD', 'learning_rate': 0.00625, 'weight_decay': 0.0001, 'momentum': 0.9, 'scheduler': 'multi', 'steps': [25, 38], 'gamma': 0.1, 'warmup': 'linear', 'warmup_iters': 695, 'backbone': '34', 'use_aux': False, 'fc_norm': True, 'tta': False, 'sim_loss_w': 0.0, 'shp_loss_w': 0.0, 'var_loss_power': 2.0, 'mean_loss_w': 0.05, 'num_lanes': 2, 'train_width': 800, 'train_height': 288, 'num_row': 72, 'num_col': 81, 'num_cell_row': 200, 'num_cell_col': 100, 'griding_num': 200, 'auto_backup': True, 'note': '', 'log_path': '', 'finetune': None, 'resume': None, 'test_model': None, 'test_work_dir': '20251030_144008_lr_6e-03_b_32', 'crop_ratio': 1, 'num_workers': 16, 'row_anchor': array([0.        , 0.01408451, 0.02816901, 0.04225352, 0.05633803,
       0.07042254, 0.08450704, 0.09859155, 0.11267606, 0.12676056,
       0.14084507, 0.15492958, 0.16901408, 0.18309859, 0.1971831 ,
       0.21126761, 0.22535211, 0.23943662, 0.25352113, 0.26760563,
       0.28169014, 0.29577465, 0.30985915, 0.32394366, 0.33802817,
       0.35211268, 0.36619718, 0.38028169, 0.3943662 , 0.4084507 ,
       0.42253521, 0.43661972, 0.45070423, 0.46478873, 0.47887324,
       0.49295775, 0.50704225, 0.52112676, 0.53521127, 0.54929577,
       0.56338028, 0.57746479, 0.5915493 , 0.6056338 , 0.61971831,
       0.63380282, 0.64788732, 0.66197183, 0.67605634, 0.69014085,
       0.70422535, 0.71830986, 0.73239437, 0.74647887, 0.76056338,
       0.77464789, 0.78873239, 0.8028169 , 0.81690141, 0.83098592,
       0.84507042, 0.85915493, 0.87323944, 0.88732394, 0.90140845,
       0.91549296, 0.92957746, 0.94366197, 0.95774648, 0.97183099,
       0.98591549, 1.        ]), 'col_anchor': array([0.    , 0.0125, 0.025 , 0.0375, 0.05  , 0.0625, 0.075 , 0.0875,
       0.1   , 0.1125, 0.125 , 0.1375, 0.15  , 0.1625, 0.175 , 0.1875,
       0.2   , 0.2125, 0.225 , 0.2375, 0.25  , 0.2625, 0.275 , 0.2875,
       0.3   , 0.3125, 0.325 , 0.3375, 0.35  , 0.3625, 0.375 , 0.3875,
       0.4   , 0.4125, 0.425 , 0.4375, 0.45  , 0.4625, 0.475 , 0.4875,
       0.5   , 0.5125, 0.525 , 0.5375, 0.55  , 0.5625, 0.575 , 0.5875,
       0.6   , 0.6125, 0.625 , 0.6375, 0.65  , 0.6625, 0.675 , 0.6875,
       0.7   , 0.7125, 0.725 , 0.7375, 0.75  , 0.7625, 0.775 , 0.7875,
       0.8   , 0.8125, 0.825 , 0.8375, 0.85  , 0.8625, 0.875 , 0.8875,
       0.9   , 0.9125, 0.925 , 0.9375, 0.95  , 0.9625, 0.975 , 0.9875,
       1.    ]), 'distributed': False}